Dropout Input,Dropout Hidden,Weight Decay,LR Decay,Momentum,Learning Rate,Pruning Factor,Trainable Parameters,Test Accuracy,Training Time (s)
0.0,0.0,0.001,0.95,0.9,0.01,0.05,10623029,0.8617,2.330047607421875
0.0,0.0,0.001,0.95,0.9,0.01,0.1,10064428,0.8622,2.2501535415649414
0.0,0.0,0.001,0.95,0.9,0.01,0.15,9505825,0.862,2.249101400375366
0.0,0.0,0.001,0.95,0.9,0.01,0.2,8947224,0.8614,2.251903533935547
0.0,0.0,0.001,0.95,0.9,0.01,0.25,8388631,0.8595,2.277151107788086
0.0,0.0,0.001,0.95,0.9,0.01,0.3,7830025,0.8583,2.2703094482421875
0.0,0.0,0.001,0.95,0.9,0.01,0.35,7271420,0.8582,2.2738161087036133
0.0,0.0,0.001,0.95,0.9,0.01,0.4,6712818,0.8565,2.287118911743164
0.0,0.0,0.001,0.95,0.9,0.01,0.45,6154222,0.8553,2.281216621398926
0.0,0.0,0.001,0.95,0.9,0.01,0.5,5595620,0.8534,2.272899866104126
